21111
28.0
21121
28.0
21131
28.0
21141
28.0
21151
38.0
21161
38.0
21171
38.0
21112
28.0
21122
28.0
21132
28.0
21142
28.0
21152
38.0
21162
38.0
21172
38.0
22111
35.0
22121
35.0
22131
35.0
22141
35.0
22151
45.0
22161
45.0
22171
45.0
22112
35.0
22122
35.0
22132
35.0
22142
35.0
22152
45.0
22162
45.0
22172
45.0
11211
7.0
11221
7.0
11231
7.0
11241
7.0
11251
7.0
12211
9.0
12221
9.0
12231
9.0
12241
9.0
12251
9.0
11311
4.0
11321
4.0
11331
4.0
11341
4.0
11351
4.0
11111
8.5
11121
8.5
11131
8.5
11112
8.5
11122
8.5
11132
8.5
12111
11.0
12121
11.0
12131
11.0
12112
11.0
12122
11.0
12132
11.0
11141
9.5
11142
9.5
12141
11.0
12142
11.0
11151
9.5
12151
15.0
11152
11.0
12152
15.0
11161
11.0
12161
15.0
11162
11.0
12162
15.0
11171
11.0
12171
15.0
11172
11.0
12172
15.0
